0.0055635
0.000387
0.000236
0.00018
0.0001455
0.000132
0.000123
0.000115
0.0001075
0.0000995
0.0000965
0.000104
0.0001305
0.0001795
0.000247
0.0003205
0.000396
0.000477
0.0005625
0.0006495
0.000742
0.000833
0.000909
0.0009645
0.0010055
0.0010415
0.001082
0.001127
0.001181
0.0012415
0.0013045
0.001366
0.0014295
0.001492
0.0015565
0.001627
0.0017025
0.001777
0.0018475
0.0019195
0.002002
0.0020995
0.002212
0.0023425
0.0024925
0.0026635
0.002859
0.0030815
0.003335
0.003621
0.003934
0.0042795
0.0046685
0.005106
0.0055885
0.0061085
0.006658
0.007236
0.0078385
0.0084685
0.0091635
0.009903
0.010627
0.011316
0.01201
0.0127985
0.0137135
0.014719
0.015824
0.017065
0.018513
0.0201895
0.0220705
0.0241715
0.02654
0.0293285
0.0325245
0.035998
0.039734
0.0438635
0.0486535
0.0542035
0.060424
0.067356
0.075118
0.08385
0.093674
0.104679
0.1169185
0.130413
0.1451655
0.1611645
0.178389
0.1968065
0.2163775
0.2359515
0.255178
0.2736815
0.2910725
0.306959
0.32372
0.3414035
0.3600615
0.379747
0.4005185
0.422435
0.445561
0.4699635
0.495714
0.5228865
0.551561
0.5818215
0.6137555
0.6474565
0.683024
0.7205615
0.759422
0.797393
0.837263
0.879126
1.00000000
