RAPORT: 50
86 29 22
131 52 39
198 79 78
244 101 130
350 152 231
462 212 357
639 295 492
920 441 713
1262 603 1125
1738 874 1732
2431 1282 2609
3418 1842 3821
4809 2646 5615
6745 3737 8239
9639 5365 12229
13765 7710 17833
19562 11029 26232
28324 15820 38578
40825 23183 56470
58652 33929 82937
84413 49218 121140
RAPORT: 49
85 24 25
133 39 44
205 56 87
270 84 161
362 116 234
511 176 359
653 274 530
906 407 766
1214 624 1160
1658 931 1758
2360 1347 2612
3336 1968 3891
4668 2878 5859
6610 4038 8684
9476 5814 13099
13517 8375 19300
19324 12087 28429
27851 17563 41702
40145 25427 60962
58219 36526 88782
84389 52682 129003
RAPORT: 48
96 16 30
146 28 51
205 44 87
237 74 118
339 139 193
469 225 276
605 326 433
834 470 692
1108 735 1025
1559 1057 1583
2189 1490 2357
3080 2038 3507
4353 2876 5208
6218 3998 7899
8898 5745 11782
12654 8095 17565
18122 11758 25939
26112 16998 38094
37483 24266 56035
54118 34802 81617
78508 50920 118154
RAPORT: 47
98 17 21
150 28 40
180 53 80
209 79 124
279 118 175
379 178 228
503 234 380
694 332 576
998 433 908
1447 612 1339
1994 904 2034
2754 1335 3004
3851 1978 4393
5417 2813 6503
7780 4121 9673
11205 5899 14516
15844 8657 21513
22690 12399 31542
32840 18121 46170
47267 26604 67082
68167 38611 98105
RAPORT: 46
89 22 25
119 32 45
128 38 45
54 15 24
22 6 11
0 1 0
0 0 0
0 0 0
0 0 0
0 0 0
0 0 0
0 0 0
0 0 0
0 0 0
0 0 0
0 0 0
0 0 0
0 0 0
0 0 0
0 0 0
0 0 0
RAPORT: 45
90 26 19
122 38 33
121 39 35
58 18 21
25 7 9
0 0 0
0 0 0
0 0 0
0 0 0
0 0 0
0 0 0
0 0 0
0 0 0
0 0 0
0 0 0
0 0 0
0 0 0
0 0 0
0 0 0
0 0 0
0 0 0
RAPORT: 44
87 17 34
127 30 59
170 47 94
190 79 129
280 100 206
395 137 293
525 191 432
735 298 673
1010 471 1051
1399 677 1561
1963 945 2245
2781 1357 3371
4027 1994 4885
5643 2863 7066
8034 4170 10322
11402 6037 15291
16282 8825 22405
23227 12809 32674
33467 18654 48121
48190 26994 70419
69726 39300 102755
RAPORT: 43
97 18 21
145 42 42
215 73 58
262 130 106
375 163 178
510 214 288
673 319 474
913 451 737
1321 647 1079
1796 945 1595
2526 1381 2466
3565 1958 3714
5096 2856 5510
7283 4096 8057
10446 5986 11839
14980 8595 17483
21104 12303 25715
30479 17578 37622
43943 25220 55206
62686 37031 80875
91175 53621 117914
RAPORT: 42
94 25 16
139 39 33
198 72 60
262 103 91
374 144 133
504 191 214
666 264 330
871 390 551
1201 570 859
1740 884 1312
2450 1292 1962
3442 1863 2998
4816 2719 4518
6689 3861 6863
9541 5520 10168
13657 7814 15251
19501 11098 22521
28045 16088 33310
40461 23204 49217
58346 33436 72541
83192 49130 106187
RAPORT: 41
94 20 25
152 25 39
207 41 64
235 69 93
340 116 169
449 170 257
599 256 414
763 420 636
1043 597 988
1435 830 1499
2013 1205 2238
2774 1743 3414
3921 2515 5044
5523 3541 7317
7887 4980 10866
11271 7298 16047
16075 10424 23571
23239 15001 34483
33859 21634 50223
49060 31069 73585
70104 44489 108205
RAPORT: 40
28 90 20
47 132 48
73 169 90
101 191 131
147 264 220
195 347 357
305 455 584
438 573 901
654 765 1343
944 994 2019
1366 1397 3032
1958 1874 4358
2889 2647 6340
4173 3732 9301
6077 5363 13529
8800 7738 19690
12836 11039 28905
19065 15866 42172
27803 22667 61746
40143 32517 90390
59073 47231 130688
RAPORT: 39
31 76 28
45 114 54
76 145 95
94 160 149
156 211 224
232 274 349
347 360 530
505 520 766
735 686 1139
1042 940 1708
1541 1249 2573
2202 1803 3761
3175 2573 5583
4590 3638 8136
6735 5109 11960
9668 7183 17591
14290 10312 25776
20652 14824 37698
29952 21312 55225
43416 30986 80697
63370 44553 117912
RAPORT: 38
28 87 20
48 113 50
69 160 90
107 179 145
176 226 229
264 290 357
368 380 563
513 499 814
697 678 1191
1023 909 1749
1476 1236 2589
2146 1790 3811
3071 2495 5620
4352 3505 8278
6318 4983 12183
9152 7218 18033
13469 10408 26425
19528 14846 38565
28537 21277 56061
41840 30663 81981
61168 44145 119719
RAPORT: 37
31 93 19
50 136 41
64 194 86
78 235 134
124 324 213
196 420 336
278 522 508
379 716 778
533 954 1216
769 1285 1832
1212 1635 2708
1785 2171 4000
2645 2926 5859
3837 4114 8627
5591 5703 12764
8188 8137 18776
11926 11467 27350
17371 16434 39824
25273 23543 58106
36994 33878 84215
53412 48915 123484
RAPORT: 36
25 81 24
41 124 52
64 174 96
101 195 165
134 267 263
170 378 429
221 528 662
349 770 998
536 1005 1508
822 1353 2260
1236 1816 3368
1832 2540 4940
2649 3521 7320
3898 4876 10857
5816 6766 15905
8651 9471 23262
12665 13550 33857
18607 19329 49296
27190 27789 71912
39866 40161 104720
58644 57179 152252
RAPORT: 35
26 92 18
40 126 42
67 173 84
102 181 128
136 235 199
212 314 330
290 423 508
452 594 811
647 835 1199
933 1138 1804
1338 1558 2698
1986 2201 3868
2879 3028 5755
4143 4221 8416
6116 5912 12453
8779 8371 18323
12812 11833 26732
18451 16976 39362
26940 24422 57438
39104 34780 83303
56899 49548 121038
RAPORT: 34
25 88 25
45 119 66
60 161 117
96 167 191
126 260 296
181 391 460
262 508 690
404 676 998
623 889 1456
911 1232 2153
1350 1665 3213
1931 2305 4748
2936 3202 6926
4401 4420 10046
6473 6246 14565
9471 8804 21333
13808 12607 31192
20274 17888 45322
29370 25720 66064
42519 37585 96260
62432 53773 140237
RAPORT: 33
19 86 27
27 120 51
30 123 62
15 55 40
5 23 21
0 2 0
0 0 0
0 0 0
0 0 0
0 0 0
0 0 0
0 0 0
0 0 0
0 0 0
0 0 0
0 0 0
0 0 0
0 0 0
0 0 0
0 0 0
0 0 0
RAPORT: 32
26 97 18
39 140 39
56 176 71
78 194 126
122 254 221
173 323 328
263 433 499
379 574 749
562 762 1090
826 1004 1638
1161 1360 2369
1722 1931 3480
2489 2687 5073
3638 3746 7517
5159 5214 11092
7455 7367 16507
10811 10434 24413
16041 14997 35897
23457 21495 52393
34453 30718 76067
49790 43901 111053
RAPORT: 31
24 97 19
39 148 45
61 196 88
70 237 141
92 343 235
136 467 377
172 606 596
219 819 889
333 1131 1363
504 1570 2103
748 2112 3090
1061 2922 4627
1626 4002 6929
2337 5508 10087
3495 7717 14788
5221 10789 21733
7874 15268 32177
11510 21514 47042
17095 30867 68303
25520 44202 99788
36967 63337 145987
RAPORT: 30
27 15 93
50 22 144
82 31 228
111 50 286
161 73 430
232 95 565
338 135 795
490 188 1094
702 282 1536
938 431 2096
1340 643 3008
1949 981 4200
2785 1454 5987
4048 2201 8707
5792 3306 12575
8325 4807 18125
12062 6866 26287
17398 9995 38242
25213 14358 55309
36981 21275 79682
53672 31024 115551
RAPORT: 29
13 31 93
15 48 144
19 55 203
21 86 268
23 135 416
23 207 603
25 303 879
28 445 1253
40 654 1808
51 933 2561
70 1396 3631
125 2044 5187
167 2941 7481
258 4165 10859
360 6136 15941
564 8875 23001
810 12719 33406
1279 18534 48024
1973 26627 70101
2967 38406 101676
4166 56564 147652
RAPORT: 28
18 22 95
32 32 146
49 52 205
58 75 257
69 109 386
95 174 505
122 242 716
156 359 1066
218 520 1511
318 754 2215
463 1057 3189
694 1521 4630
1006 2159 6672
1509 3145 9703
2184 4500 14132
3330 6576 20336
5023 9583 29492
7440 13889 42970
11027 19923 62525
16401 28806 90786
24700 41879 131459
RAPORT: 27
20 22 97
29 34 156
51 56 227
73 73 313
119 111 463
185 137 650
271 211 921
389 313 1307
552 431 1859
798 634 2716
1200 936 3850
1739 1366 5445
2530 2021 7787
3827 2901 11127
5604 4310 15889
8185 6220 23060
12093 9015 33235
17444 13158 48370
25669 19178 70159
37392 27714 101362
54710 40324 147043
RAPORT: 26
17 22 97
24 41 160
34 69 236
41 102 306
65 157 433
86 231 603
124 349 858
191 504 1221
286 763 1734
433 1069 2447
658 1528 3561
988 2143 5236
1405 3066 7667
2070 4256 11207
3096 6096 16195
4607 8791 23431
6833 12746 33990
10161 18264 49275
14879 26361 71746
21786 37878 104529
32827 54128 151411
RAPORT: 25
20 23 89
27 47 154
35 61 249
45 71 347
60 97 555
94 154 788
144 236 1115
212 378 1576
318 537 2218
460 730 3284
667 1068 4647
986 1516 6594
1480 2108 9444
2170 3021 13574
3206 4324 19621
4843 6403 28235
7342 9147 40978
10688 13510 59288
15800 19206 86371
23428 28121 124969
34555 41216 180574
RAPORT: 24
21 21 91
33 33 138
40 34 143
19 21 72
11 10 31
3 0 2
0 0 0
0 0 0
0 0 0
0 0 0
0 0 0
0 0 0
0 0 0
0 0 0
0 0 0
0 0 0
0 0 0
0 0 0
0 0 0
0 0 0
0 0 0
RAPORT: 23
19 21 101
31 27 174
46 37 238
67 40 338
100 61 514
140 90 737
219 136 1038
326 204 1418
454 311 1990
690 459 2829
1041 680 4003
1517 1010 5689
2285 1460 8035
3427 2226 11585
5095 3238 16708
7457 4606 24060
11087 6669 34584
16132 9765 50085
23529 14496 72344
34486 21246 105193
50382 30898 152460
RAPORT: 22
25 21 86
39 26 133
53 43 199
85 59 274
140 93 391
195 123 552
281 182 765
447 270 1097
610 371 1561
878 574 2240
1306 810 3222
1898 1187 4626
2783 1729 6589
4094 2594 9465
5859 3689 13678
8540 5322 20014
12489 7722 29199
18212 11250 42728
26610 16587 61909
38754 23929 89762
56631 35099 130189
RAPORT: 21
37 18 83
56 30 141
86 41 218
118 53 288
196 82 401
284 147 574
387 208 862
528 293 1196
755 411 1756
1081 599 2519
1562 860 3614
2269 1270 5301
3354 1810 7808
4762 2669 11358
6956 3958 16343
10040 5888 23584
14528 8555 34137
20925 12642 49405
30561 18330 71825
44634 26877 104361
64687 39673 151696
RAPORT: 20
46 53 38
74 81 66
105 101 98
134 155 151
207 224 235
299 280 340
424 361 525
599 512 845
844 717 1271
1235 988 1879
1810 1349 2716
2619 1856 4005
3791 2598 5773
5568 3648 8445
8031 5166 12141
11550 7371 17880
16776 10555 26112
24215 15355 38162
35274 22003 55833
50773 31833 81191
73064 46875 118276
RAPORT: 19
49 37 49
76 51 77
83 53 83
41 27 44
16 11 20
0 0 0
0 0 0
0 0 0
0 0 0
0 0 0
0 0 0
0 0 0
0 0 0
0 0 0
0 0 0
0 0 0
0 0 0
0 0 0
0 0 0
0 0 0
0 0 0
RAPORT: 18
51 51 38
80 78 63
122 109 102
156 144 138
231 219 216
343 317 340
495 447 516
701 571 837
974 767 1243
1418 1041 1767
2071 1477 2634
2976 2063 3913
4212 2949 5803
5898 4187 8607
8432 6011 12710
12103 8451 18936
17440 11870 27809
25206 17056 41089
36565 24706 59771
52689 35691 87725
75623 51994 127621
RAPORT: 17
45 48 45
76 67 81
103 94 101
141 98 123
199 139 181
301 197 267
402 263 404
583 378 619
808 512 919
1107 755 1308
1515 1062 1871
2195 1485 2777
3188 2025 4190
4543 2838 6250
6362 3919 9017
9065 5604 13366
13095 7980 19631
18708 11430 28628
27117 16554 41827
39335 24097 60897
56948 34668 89174
RAPORT: 16
37 42 57
62 75 93
86 121 136
93 182 183
135 277 301
163 380 437
262 509 689
377 670 1020
581 918 1582
880 1283 2279
1349 1822 3351
2005 2540 4944
2998 3397 7366
4492 4781 10881
6555 6712 15994
9684 9468 23314
14004 13578 33806
20425 19355 49746
29658 27606 72534
43435 40334 105499
63419 57869 154002
RAPORT: 15
48 36 54
76 66 86
112 111 131
151 136 208
230 168 332
335 209 468
483 269 664
695 389 932
1008 564 1346
1457 767 2024
2070 1120 2933
2972 1598 4303
4130 2343 6232
5900 3337 8920
8503 4733 13044
12167 6697 19137
17575 9647 27691
25436 14045 40488
36152 20380 59050
51586 29671 86286
75244 43813 125017
RAPORT: 14
43 40 52
64 53 80
64 53 87
33 21 46
10 9 20
0 0 1
0 0 0
0 0 0
0 0 0
0 0 0
0 0 0
0 0 0
0 0 0
0 0 0
0 0 0
0 0 0
0 0 0
0 0 0
0 0 0
0 0 0
0 0 0
RAPORT: 13
56 28 54
80 45 84
116 69 124
139 92 161
186 126 262
275 171 387
376 233 579
521 337 826
742 492 1191
1034 699 1701
1469 977 2457
2120 1407 3586
2994 2020 5168
4355 2871 7660
6260 4094 11232
8985 5896 16352
13039 8508 23919
18855 12327 34944
27143 17792 50886
39379 26016 74108
56816 37736 108415
RAPORT: 12
37 55 44
51 98 63
78 138 103
111 168 141
192 236 238
286 331 360
403 404 528
551 492 769
772 668 1110
1123 899 1688
1563 1193 2467
2203 1640 3627
3153 2288 5289
4546 3372 7679
6597 4725 11298
9665 6784 16397
14037 9609 24055
20062 13950 35334
28985 20016 51408
42556 28624 74672
61287 41524 109389
RAPORT: 11
60 40 37
96 56 67
154 80 124
196 91 165
260 132 237
363 187 381
520 255 588
702 369 880
940 505 1272
1382 713 1838
1921 1045 2709
2838 1502 3918
4085 2158 5754
5891 3157 8414
8536 4647 12323
12197 6838 17957
17618 10018 26188
25210 14457 38543
36541 21213 56360
52888 30750 82106
76072 44540 119381
RAPORT: 10
45 48 49
80 70 81
108 106 141
139 130 235
185 182 352
250 242 520
349 323 789
487 454 1114
697 638 1615
977 892 2313
1432 1303 3406
2053 1895 4963
2933 2719 7324
4214 3823 10669
6313 5426 15479
9283 7732 22463
13756 11023 32723
19881 15924 47227
28936 22844 68609
42329 32892 99453
61873 47768 144608
RAPORT: 9
49 46 45
75 67 73
116 88 95
162 106 132
219 152 218
295 234 338
416 329 493
564 470 776
811 670 1213
1136 935 1856
1623 1307 2694
2362 1861 3869
3460 2626 5541
5015 3768 8023
7317 5430 11989
10581 7607 17752
15262 10613 26092
22136 15233 38128
32262 21854 55678
46513 31707 81344
66503 45973 119107
RAPORT: 8
44 37 53
68 58 92
96 66 140
111 74 183
155 98 304
234 137 427
341 199 617
481 285 875
688 415 1216
1020 561 1715
1451 810 2495
2043 1157 3614
2921 1700 5307
4208 2473 7709
6019 3618 11347
8664 5179 16530
12541 7452 23910
18287 10911 34718
26496 15874 50619
38664 23064 73503
56002 33427 107007
RAPORT: 7
59 38 42
90 60 66
131 89 103
182 117 173
251 155 280
348 231 439
505 322 619
734 453 937
1022 593 1338
1486 792 1987
2159 1122 2920
3087 1662 4305
4315 2430 6305
6066 3516 9266
8656 5065 13482
12448 7216 19897
17892 10518 28776
25934 15294 42156
37772 21796 61696
54622 31792 89401
79218 46771 128956
RAPORT: 6
44 47 51
69 75 71
118 109 103
154 142 151
219 186 250
281 231 393
369 294 599
481 381 924
679 512 1306
973 718 1930
1382 988 2704
1991 1444 3971
2980 1976 5829
4352 2892 8452
6213 4184 12415
9102 6011 18183
13221 8579 26549
19275 12218 38659
27865 17818 56639
40286 25996 81843
58864 37808 118496
RAPORT: 5
54 49 31
82 75 57
111 97 84
163 105 118
261 153 200
364 233 327
485 303 524
690 424 819
959 650 1235
1407 926 1822
1952 1385 2670
2766 1954 3970
3990 2809 5995
5664 4062 8965
8184 5835 13172
11739 8316 19250
17074 11976 28070
24705 16993 41438
35833 24547 60356
51979 35061 87472
75626 50411 127399
RAPORT: 4
41 57 44
53 89 70
93 123 126
117 147 193
175 212 289
242 300 427
367 421 670
550 550 964
767 777 1393
1076 1105 2021
1522 1548 2952
2189 2176 4396
3155 3068 6351
4475 4337 9531
6426 6160 14103
9382 8591 20750
13772 12178 30146
20084 17409 44173
29368 24863 63966
42283 35962 92999
60928 51117 136422
RAPORT: 3
47 48 41
75 73 57
111 107 100
158 109 151
211 139 250
301 184 357
415 281 519
580 400 810
788 575 1193
1054 820 1780
1481 1110 2570
2171 1608 3692
3151 2280 5410
4557 3216 7923
6561 4458 11575
9379 6255 16870
13635 9043 24973
19693 13005 36354
28590 18699 53219
41091 27022 77550
59462 39388 112967
RAPORT: 2
40 50 47
62 79 81
100 123 122
132 154 196
203 226 281
293 300 409
422 408 598
585 553 909
870 747 1421
1229 1059 2096
1686 1501 3168
2432 2086 4785
3522 2945 6991
5183 4088 10347
7452 5767 14962
10845 8294 21887
15694 11828 31899
22936 17046 46432
33305 24577 67490
47992 35167 98665
69611 51071 143529
RAPORT: 1
44 37 59
70 53 102
101 79 168
135 98 248
222 164 375
309 249 565
489 336 808
689 470 1146
949 688 1696
1439 949 2461
2100 1342 3638
3049 1919 5279
4502 2794 7612
6522 4075 11134
9459 5787 16093
13758 8373 23722
19823 12176 34635
28615 17695 50465
41978 25385 73215
60749 36630 106816
87297 53616 155643
